100 100
 27  34 33  85  14  87  86 90  99  17  96 48 81  72  16  10  73 100 52  14  58   6  3  26 39   1  91 52  39 98  67  63  55  51 92 24  87  31  25  16  39  54 99 94  10 51 30   0  50 75  61  82  98  33  49 34  24  77 20 21  79  68  30  80  60  91  64 66  11  66 14   8  90  72  81  10 68  89  98  28  33 92  86 86 23  65  69  56 91  8 36  90   2  63  93  53   3  86 96  47
 32  32 77  18  46  10  96 34  47  42  61 55 41  40  38 100  43  10 57  87   4  97 42  50 25  33  57 36  21 68  30  75  28  85 33 97  69  54  76  19   7  70 42 71  41 70 17  49  78  2  29  85  84  70  21  7  55  15  1 45   5  83  33   2  45  59  85 58  56  45 62  25  55  82  77  31 75  80  66   7  95  2  98 86 50  56  36  37 30 54 86  94  60   2  89  85  90  39  7  35
 96  58 31   7  20  78   8  1  69  35  51 77 81   4  56  16  47  14 90   7  43  91 30  86 95  14  59 41  31 46   5  69  81  63 55 22  67  42  62  90  82  38 15 72  19 37 94  14  44 46  78   1  18  61  76 61  60  84  6 93  41  36  75   8  90  24  15 21  21  89 57  26  23  45  98  48 16  35  22  80  10 44  51 58 10  23  16  79 34 17 35  49  98  90  62  53  93  47  2  48
 89  16 78  11  84  48  31 93  75  61  28 24 65  93  75  51  14  32  6  52  61  32 13  78 89   5  87 72  86 43  94  99  90   3 38 21  69   1  79  90  75  99 61 16  11 41 16  15  24 49  25  83  11  66  38 45  46   2  4 46  69  94  13  99  12  12  73 10  21  16 47  35  77  96  62  21 75  43  84  97  49 58  85 84 85  99  66  56 64 42 37  54  43  74  65  51  26  86  1  14
 98  10 82  63  50  83  77 37  14  54  40 51 76  99  77  29   9  13 91  93  17  29 55  74 57  69  49 15  67  1   1  29  92  15 46 98  39  45 100  18  49  82 18 28  60  0 88  71  72 11   4  96  10  62  57 73  29  36 55 15  52  87  45  92  96  48  28 43  83  76 13  35  16  42  67  49 79   3  48  51 100  3  56 50 33  77 100  51 35 98 41  91   1  44  53  94  50  69 62  91
 82  91 85  91  28  40  75 11   8  24  37 14 47  16  40   3  51  39 26  36  35  75 37  98 55  72  93 18 100 48  60   0  37  96 99  6  80  18  56  22  55  55 36 54  88 29 27  69  13 69  17   3  14  83  61 88  51  42 25 25  27  21  72  60  35  16  55 54  76  94  9  86  95  25  14  91 59  75  59  69  98 62  44  5 48  70  71  39 90 37 79  26  39   6   1  86  71  26 92  99
  9   5 70  34  62  44  11 74  71  91  53 97 56  78   6  91  69  82 65  40  87   2 66  73 15  78   0 30  23 94  53  22   0  20 41 80  78  57  41  36  57  47 77 21  29 66 74  28  84 20  93  63  53  62  97 81  36  47 76  0  24  96  86  98  26   2  72 68  69  24 12  42  41  65  88  46 39  62  69   6  75 37  25 97 47  49  54  53 97  4 20  14  53  63   2  68  31  10 67  33
 93 100 74  17  14  52  87  8  35  65  49 33 73  74  94  62  52  78 26  97  68  67 74  87 30  47  17 30  43 71  57  90  58  45 88 87   5  29   2  81  97  53  0 48  63 43 20   5  87 39  30  27  41  14  59 71  43  56 77 81  13  75  56  87  16  76  84 77  40   6 63  14   6  68  32  18 32   2  87  64  91 16   8 19 61  57  74  51 96  3 44   1  75  94  63  56  53  55 11  17
 62  39  3  65  97  49  72 39  74  80  13 41 59   8  41  20  11  54 24  76   0  27 13  78 49  82   0 51  17 45  78  30  53  46  5 96  41  51   5  94  84 100 40 17  28  9  0   7  68 69  58  62  81  26  62 84  13  51 22 19  76  73  53  20  35   1  52 36  23  71 37   3  16  93  76  52  4   6  79  88  84 51  53  7 99  19  83  11 36 47 11  31  90  38  15  32  74  32 39  48
 41  95 23  66  70  66  76 67  91  24  31 45 45  41  25  15  17  67 81  14  85  68 64  34 66  11  53 34  60 27  52  59  17  76 46 90  72  67  73  30  52  54 29 49  50 23 88  21  69 67  41  56   3  81  24  9  12  87 10  8  17  43  87  85  55  62  16 58  20  83 92  43   4  56  42  56  8   3  43  14  16 24  73 84  4  20  22  70 98 42 62  52  17  93   5  89  45  87 10 100
 78   1 44  43  76  86  99 46  25 100  72 16 94  80  27  61  91  54 12  27  80  53 28  90 33   2  69 77  67 78  13  62  44  22 63 89  51  61  53  22  19  50 50 17  58 79 42  48  65 30  99  58  92 100  88 37  42  42 39 83  96  13  20  15  22  39  38 78   6  67 79  89  74  43  44  83  9 100  66  11  61 72  94 41  4  81  12  10 66 50 42  59  58  11  40  28  34   5 15  41
 29  29 63  63   4  83  20  2  33  28   6  4 64  85  48  19  98  47 31   8  11   4 55  66 22 100  58 35  84 63  80  10  57  37 18 39  39  80  58  11   0  35 79 22  29 61 59  52  73 62  38   3  37  14  21 33  62  39 59 27  55  37  31  22  83  11   8 83  83  30 34 100  37  52  57  56 80  57  95  98  13 84  12 49 84   1  95  79 68 58 38  71  52  49  65  66  85  59 68  87
 77  51 16  49  72  11   2 90  77  79  21 14 14   6  95 100  87  97 23  98   4  80  0  28 98  38  47 93  28 25  83  38  25  77 16 94  45  20  27  52  57  30 67  1  57 94 51  91  60 27  73  99  61  82  37 15  81  78 41  2  47  31  38  67  97  71  38 58  90   0 19  93  16  14 100  51 62  50  32  74  11 49  35 31 28  85  95   1 41 81  8  56  62  41  45   1  72  76 19   6
 22  25 75   3  83  24  12 50  16  55  26 14 99  32  85  56  26  25  7   8   2  98 60  19 90  22   3 94  22 45  79  82  76   8 95 43  27  96  12  43  67  15 35 99  18 93 14  30  21 64  25  67  26  47  79 94  56  29 97 77  79  83  30  54  53  30  94 68  95  89 80  42  44  72  78   3 35  65  17  72  85  1   5 19 43  20  51  83 62 24 57  29  80  88  65  15  92   1  5  11
 79   3 31  90  32  32  68  9  20  58  43 61 37  49   2  79  18  28  7  10  12   5  7   9 41  68  17 59  20 26  86  67  27  14 76 14  56  16  79  55  61  89 81 66  38 94  5  21  77 47  77   6   5  19   5  1   2  14 81 87  96  23  44  74  80  54  48 92  81  47 73  78  90  56  38  24 74   9  86  78  87 46   8  0 19  77  57  59  8  6 25  15  98  69   1  75  77  12 30  94
 63  68 95  65  32  28  11 97  32  25  62 90 47  80  89  99  59  38 83   8   1  73 97  32 20  46  30 34  28 93  12  20  18  54 75  5  24  56  27  82  65  56 30 64  57 44 84 100  35  2  38  93  26  84  19 70  96  73 72 46  63  73  35  45  50  51  40 29  82  15 19  62  50  81  14   3 28  51  95  10  31 78  44 38 34  93  64  36  6  6 61 100  77  86  81  86  43  21 68  48
 96  36 17  48   2  60  83 71  84  62  34 79  6  64   6  96  74  20 37  13  21  89 75  56 46  98  80 16  46 98  54  98  86  39  4 75  14  57  56   4  60  64 72 28  95 42 63  10  23 28   3  10  33  80  73 84  10  90 32  2  23  95  75  71  51  92  23 17  56  59 33  95  31  31  61  32 64   8  87  85   8 66  65 76  0  69  73  63 30 24 96  75  79  27  16  16  14  32 48  94
 34  43 25  73  65  22  97 48  85  80  99 60 16  13  59  23  21  11 38  30  54   9  2  31 67   0  63 80  85 84  79  11  75  28 67 69  11  51  27  42  32  75 65 16  20 90 24  54  58 85   6  58  58  48  69  0  52  15 64 46  17  56  58  53  84  76   9 11  78  76 84  20  44  16  80  56 76  37  73  39  24 84   4 33 53  54  51  34 35 58 38  76  60  16  90   4  31  26 75  84
 93  57  7  11  23  48  34 23  21   2  73 33 18  97  84  40  80  75 23  24  27  77 79  26 33   1  49 36  14  8  67  42   0  77 52 89  28  39  69   8   2  91 29 92  30 82 17  29  46 99  47  65   7   1  41  0  43  40 74 28  81  12   8 100  81  20  29 39  12  65 21  94  32  38  96  94 25  53   6  98   2 92  34 34 36  17  63  61 67 47  6  80  49   8  76  12  79  87 57   8
 34  98 21  93  92  58  41  2 100   1  27 28 33  88   5  36  71  14 15  36   8  16 31  26 96  58  48 72  78 83  40  39  31  21 11 33  25   4  61  43  62  54 33 44  50 61 73  67  42 94  38  42  51  63  44 70  17  44 20 38  50  70  92  15  18  60  84 73   7  41 52  52  62  69  65  74  3  84 100  54  65 32  19 48 76  62  37   3  2  6 80  19  60   2  53  77  76  61 55  19
 67   5 41  46  40  98  79  3  52  30   5  9 40   1  85  75  61   9 81  92  90  29 21  70 33   6  22 41  95 33  15  14  48  41 81  8   2  11  51  16  95  75 73  1  98 37  3  47  54 97  10  77  57  27  59 10  32  48 67 41  20   4  31  35  56  38  14 63  61  90 36  49  40  11  84   5 56  90 100  98  28 50  71 36 37   7  24  23 54 28 32  44  35  75  80  96  10   7 12  13
 11  36 24  45  71  80  98 80  31   8  29  3 87  18  31  15   4  27 87  34  99  92 90  40 89  38  31 45  59 35  98  61  96  46 60 92  86  63  85  67  71  56  4 61  33 23 83 100  86 60  68  55  16  30  16 58 100  76 44 19  33  27   1  94  55  68  48 96   3 100 37  39  70  17  59  74 69  44  19   4  34 71  35 62 17  12  42  59 32 82 38  18  27  15  95  70  24  39 58  55
 15  67  7  84  30  23  35 50  43  49  20 85 77  56  31  49  50  21 30  83  41  28 91  70 16  48  67 85  45 27  80 100   7  49 31 51  20  37  78  23  40  82 68 34  34 70 55  71  28 43  75  82  87  58  40 78  48  30  2 93  35  34  71  76  13  81  46 49  68  22 91  44  77   7   1  17 74  97  54  82  72 27  31 72 11  96  84  74 85 19 72  40  67  97  17  91  18  69 37  93
 88  46  5  81  91  34  65 80  92  85  13 10 56   9  51  68  52  33 27  99  12  78 69  42 39  56  71 99  24 94  61  35  49  87  9 46  38  74  30  95  50  92 38 41  36 94 83  72  81  4  22  17   0  93  75  9  94  37 83 76  98  84  35  31  23  88  87 57  10  71 78   4  11  95  60 100  2  67  37  73  22 47 100 51 45  78  63  68 35 92 38  66  98  12  33   4  77  28 39  12
 85  65 83  24  42  55  84 30  71  73  82 42 46  41 100  51  24  12 97  90  97   1 45  12 92  77  20 21  13 29  44  50   6  88 84  6  67   0  58  46  78  90 91  8  61 60 52  69  53 80  68  32  57  77  61 54  46  75 46 94  89  40  87  98  46  94  78 59  66   4 26  99  97  61  23  79 35  10  84  90  22 91  56 76 22  65  11  89  4 73 15  60  26  58  23  93 100  51 85  36
 23  67 22  22  73  82  63 17  76   7  10 51 33  31  88  26  40  16 92  32  35  55 42  81 45  41  68 57  75 87 100  21   8  33 23 61  93  70  47  81  36   1 39 27  15 43  1  48  71 65  96  77  13  69  66 12  55  60 10 32  12  78 100   9   2  16  74 28   7  59 48  52  99  64  73  47 24  54  18   1  13 78  92 97 82  78  34   9 23 62 60  48   7  59  10  57  17  29 66  39
 76  20 42   3  20  53  26 12  63  49   8  5 10  74  56  38   2   5 96  50  88  20 84  21 77  35  47 59  18 42  46   4  74  86 74  4  16  85  55  41   6  27 10 19  25 84 10  58  89 57   2  92  82  25  41 69  27  52 57 43  82  84 100  66  15  13  20 62  72  98 52  93  31  30  34  19 60  57  79  95  15 88  12 46 48   7   7  14 88 45 19  11  16  83  57  33  77  49 63  65
  1  95 79  29  69  31   5 34  67  53  98 98 91   7  72  95  88  44 57 100  75  13 81  55 18  31  20 86  33 33  50  23  59  47 70 13  78  62  87  43  32  98 74 27  42 10 95  57  61 31  28  37  48  82  62  7  13  95  3 80  53  63  83  55  89  69  13 96  28  51 73  37  75  26  48  24 33  59  42  36  31  4  41 13  2  85  23  42 93 85 59  96  23  47  46   2  62  45 96  98
 33  62 45  65  47  78  53 91  23  90  24 16 98  94  86  51   1  12  5  65  64  13  0   0 36  82  31 36  35 75  48  61  88  10 55 20  51  35  87  75  11   5  5 32  99 82 38  41  77 90  28  18  71  66  22 88  70  24 67 83  95  29  19  78  47   1  85 35  37  82 53  92  90   0  84  60 26  85  38  99  75 75  38 67 92  24  65  12 53 10 91   9  43  89  56  43 100  19 43  34
 35  98 29  42  58  46  50 26   7  48 100 10 48  81  63  22  10  40 91  62  56  46  6  53 62  15  97 76  58 85  61  15  84  72 57 21  51  35  97   2  45  61  3 23  28 90 16  10  37 64  41  45  11  95  50 54  40  48 43 30  57  94   7   4  24  85  34 63  43  74 92   8  28  27  44  34 32  31  35  82  97 35  73 59 17  49  28  27 41 64 32  42  42   6  41  32  68  50 67  97
 51  41  4  37  42  56  17 97   4  95  21 37 93  60  82  85  89  73 47  65  13  69 15  54 83  28  70 52  25 45  66  10  63  64 31 65  81   3  76  10   2  77 41 55  54 44 42   6  12 95 100   9  25   8  82 69  29  68 96 51  77  42   7  71  30  21  52 87  43  51 79  47  55  67  21  67  6  93  64  89  36 39  32  0 31  15  21  76 43 38 67  80  90  43  58  10  58  32 20  90
 71   4 49   8  91  43  37 36  29  84  99 80 86  89  84  38  45   9 26  78  94  64 84  87 15  18  28 73  99 62  66  56  52  47  7 45   4  75  15  11  24  12 42 65  32 47 22  70  94 27  56  64  58  42  90 83  40  11 72 19  33   3   8  68  16  87  24  1   8  18  7  71  11   3  50  15 75  89  96  20  50 46   4  9 70  46  51  69 48 82 77  23  60  63   5  10  27  24 35  67
 42  23 12  53   8  45  91  7  65  30  52 51 60  42   6  16  72  72 79  81  41  42 64  83 96  59  72 74  72 42   6  17  17  18 34 39  79  73  32  77   4  76 88 36  84 61 37  26  99  8  83  80  97   1  57 15  11  79 28 36  81  96  62  24  11   3  76 74  32   4 25  82   5  91  37  83 24   3  42  34  91 52  99 52 87  14  44  44 60 59 71  31  56  28  59  44  39  12 17  81
 59  11 56  82  98  99   2 86  68  61  90 88 55  92  42  22  19  47 56  37  57   8 26  36 77  19  98 40  18 60  73  62   6  57 18 94  56  60  20  38  45  90 48 10  49 36  3  99  88 70  29  69  55  14  54 92  65  10 99 61  42   1  70  44  79  43  44 23  54  99 41  97  94  46  88  54 33  68  25   6  80 28  75 14 10  44   6  28 91 71 99  87  77  87  55  98  15   4 32  20
 89  49 24  42  93  26   9 25 100  23  72 32 66  20  88  57  39  82 32  25  39  41 76  95 71  33  14 11  31 56  94  12  17  23 18 56  82  51  71  53  80  86 66 50  30 77 98  92  10 52  24  62  92   5  12 24  31  49 56 34  11  10  96  69  44  62  63 34  46  48 91  74 100  68   7  46 40  99   7  22  40 15  14 55 36   4  41   1 56 52 43  42  49   1   4  19  72   6 75  65
 17   0 39  73  19  36  61 36  12  22  72 51 24  41  61  13  62  41 98  48  74   9 27  24 69  14  21  5   3 39  57   4  59  33 50 65  66  31  23  49  30  68 50 99  87 96 46  96  72 70  63  67  66   1  55 81   1  49 45 16  70  46  60  18  65  38  62 86  80  69 25  83  80  22  40   8 38   9  79   5  30 38  70 36 51  83  21  74 35 86  2  56  80   0  18  42  75  24  6  74
 35  54 91  47 100  12   8 86  47  95  96 74 56  65  68  91  70   8 68  36   1  39 77   2 74  26  42 72  42 80  80  83  44   7 25 37  40  23  91  37  36  34 92 25  97 18 94  86  82 87  97  53  53   4  20 10  89  92 40 15  70  31  52  61  44  86  20 46  98  11 76  42  53  23  55  50 79  88  89   5  98 67  12 47  9  34  34  85 72 45 81  97  20  73  14  35  11  87 60  53
 81   6 98  95  16  24  80 89  41  65  31  0 70  27  17  75  66  99 20  52   1  32 79 100 81  71  31 55  22 80  19  97  65  60  4 66  29  21  42  21  80  90 58 67  35 12 58  40  94 46  27  38  15  92  48 14  55   0 90 79  12  59  83  73  38  89  37 17  47  36 68  56   0  60 100  25 79  89  62   4  23 34  21 40  5  83  70  22 23  8 17  53  28  50   2  58  52  12 55  45
 92  63 55  19  38  11  19 86  46  35  69  2 25  55  37  19   3  46 36  39  58  75  6  48 29  51  80 71  86  1  86  36   3  75 63  0  49  59   5  40  93  58 90 29  15 46 94  33  91  2  85   0  51  76  67 95  46  82 17 37  23  47  74  56  32  20  22 75  23  20 71  82  49  22  35  12 60  47   6  37  95 44  71 25 82  56  31  97 92  1 92  43  95  78  30   7  93  11 70  54
 41  84  4  35  70  47  21 26  26  43  27 84 42  46  28  27   9  17 67  60  32  31 44  53 83  85  96 76  53 59 100  46  26  91 37  7  23  31  63  24  89  15 81 24  25 69 77  76  33 59  74  47  98  79  12 55  82  26  7  6  53  91  31  77  64  78  19 25  63  56 70  74  90  10  24  91 95  38  12  74  49  5  71 53 12 100  91  44 18 72 51  95  50  43  64  27   4  94 93  88
 68  27 23  72  51   8  27 40  13  79  53 68 64   9  74   2  29  87 38  91  31  52 44   4 86  71  40 18  73 84  14  33  80  35 49 49  44  50  50  69  33  30 45 57  60 93  9  14  20 13  29  55   2  15  94 32  86  81  3 72  46  72  95  20  80  95  19 17  70  87 71  36  49  40  35  85 69  27  76  13  64 62  33 35 95  87  55  29 11  6 71  27  72  87  49  73  45  28 24   4
 23  42  1  76  65  70  47 13  24  13  49 78 60   1  42  53  10  41 17  50  76  12 48  20 74  30  82 78  45 17   2  86  24  26 11 26  30  60  28  40  86  47 27 41  97 79 93  82  36 26  78  15  13  97   0 92   6  83 50 94  93  27   4  20  67  93  94 33  55   9 42  23  38  37  24  70 16  22  31  67  12 54  88 28 70   9  83  85 92 51 16  37   4  19  71  62  40  50 48  40
 41  30 96  11  94  83  39 10  46  90  14 53 79  32  76  31  40  54  7  14  61  88  9  51 51  93  12 58  70 10  29  38  80  65  4 81  89   6  34  34  66  14 12 22  19 89 41  21  29 77  13  74 100   2  80 21  45  70 94 92  62  85  23  49  12  98  89 25  94  49  3  44   5  32  11  70 60  85  34   3  22 70  16 96 65  28  55  40 77 17 84  97  97  34  10  41  21  87 28  50
 24  83 97  23 100  88  51 37   8   3  83 18 53  81  54  33  85  39  5  20  33  97 37  58 22   3   5 21  62 65  46  17  82  81 67 97  58  26  63  42  77  52 71  6  77 16 28  94  60 17  23  22  24  51  71 68  66  50 85 92  45  98  93  57  79  11  32 13  37  83 39  46  46  33  37  48 54  24  51  77  20 26  77 91 49  70  83  69 79 77 55  14  72  34  61  49 100  71 42  52
 17  88 94  28  24  74  70 78  88  66  20 39 89  73  95  34  82  82 56  19  10  69 31  27 53  80   2 73  15 97   9  51  14 100 11 26   6  72  19  10  92  15 48 57  39 19 23  50  19 10  76  93  62  88  70 33  90  99 14 45  39  17  14  89  40  72  17 51  54  38 99  58  80   0   1  53 37  28  43  29  68 33  98 78 35  55  31  17 98 42 33  71  97  12  46  50  96  72 11   2
 96  25 80  99  32  60   6 12  84  17  95 68 54  36  17  78  39  68  4  81  24  21 50  94 35   1  72 97  18 50  72  42  27  99 96 54  94  13  15  91  12  35 80 36  31 30 49  48  40 58  16  79  44  70  10 45  80  48 25 11  28  42  93  11  83  55  29 43  23  79 67  94  15  45  38  51 37  45  84  99   8 17  51 58  6  94  95  53 53 55 17  96  52  23  76  89  96  35  9  51
 17  29 93  66  61  90  82 81  26  57  67 92 43  79  26  54  21  72 90  51  27  63 35   4  2  96  14 99  48 12  64  17  38  35 63 55  44  69  23   0  56  75 35 10  21 53 71  21  19 74  52  94  99  79  48 68  37  14 73 63  45  49  50  49  78  64 100 61  15  21 47  76   1  32  33  82 33  48  67  65  64 51  61 93 38  37  91  80 44 42 61  50  97  91  65  89  59  12 32  61
 26  12 78  55  54 100  97 86  10  64  97 49 54  76  43  79   8  68 80  72  34  28 59  64 69  86  54 70   7 16  57  19  38  78 15 41  62  65   4   3  91  45 16 95  83 57  7  43  92 57  92  94  39  41  69 45  46  32 26 55  37  72  79  74  54  19  97 63  16  62 28  19  48  65  85  24 81  67  84  38  56 95 100 14  5  52  53  55 71 63 41  92  62  10  75 100  93  31 90  39
 43  61 88  84  86  56  32 37  83   1  93 87 89  59  40  21  69   7 35  75  26   0 22  56 92  22   7  3  16 99  92  90  35  65 21 88  12  28  53  55  46  13 43 19  54 26 23  89  78 53  12  38  32  36  11 21  57  77 67 58  71  84  64  84  97  58  84 39  53  88 87  11   8   0  75  71 83  70  70  81  63 98  17  0 95   0  81  20 70 14 58  55   0  32  94  97  16  95  1  93
  7  82 66  72  39  34  22 57  83   5  12 62 64  52  87  22  43  94 24  86  52  60 56  41 54  66  49 44  86 93   2  50  59  23 24 57  43  92  54  58  27  52 40  1  86 25 66  99  71 96  37  73  28   2  12 79  14  42 27 53  78  90  76  33  38  21   2 44  85  63 50  68  43  53  73  65 37  14  17   6  46  4  60 49 92  12  16  48 20 25  3  86  40  74  54  52  24  38 61  99
 16  49 58  74  74  18  73 31  61  25  75 51 77  77  59   4  95  96  1  93  10  35 46  66 61  73  87 26  44 26  10  72  74  69 82  5  72   3   0  24  85  35 53  7 100 78 91  33  27 27  69  29  39  13  19 64  85  66 86 24  74  54  90  45  69  84  66  7  26  56 40  54  52   9  55 100 29  54  20  97  19 64  23 97 53  85  48  93 36 33 46  74  25  35  42  20  74  33 60  75
100  75 54  74  92  92  90 46  51  43  83 88 27  94   2  28  39  84 41  64  18  21 11  49 82  84  44 34  34 22  69  11  63  89 76 84  32  25  82  19  35  48 40 73  76 92 44   8  92 44  73  22  91  12  52 61  48  54 23 10  18  47  37  90 100  68  65 68  23  26 18  63  93  19  64  81  3  63  27  20  32 56  32  6 30  32  41  71 15 18 12   6   7  31  51  11  99  46 68  62
 42  20 78  86  21  84  22 50  93  54  46 85  1  28  28  11  33  97 23   0  14  54 68  21 65  50  48 65   5 91  99  23  10  79  2 18  64  82  49  85  64  41 43 67  26 68 45  75  54  6  69  35  23  12  93 25  19  73 76  1 100  61   5  31  66  77  89 69  21  18 89  30  77  92  38  60 98  11  15  74  36 73  13 50 65  32  40  40 15 12  9  61  38  27  40  65  47  93 92  37
 62  62 48  83  33  64  56 15  93  72  29 99 69  90  69  48  21  53 61  22 100  32 47  99 82  64  43  9  35  4  34  92  85  18 97  0  14 100  31  11  63  49 84 44  18 89 81  10  70 19  16   2  85  75  97 29  65  18 77 35  43  79  71  49  86  79  18 74  23  62 21  61  21  84  48  79 24  61  40   6  30 90  19 31 74  98  17  48 50  8 98  53  23  33  50  32  95  38 16  22
 61  37 41  87  91  74  71 92  22  50  57 65 32  67  65  89  33  83 82  55  76  64 11  24 94  22  29 39  58 20  70  90  37  24  6 52  30  53  53  86  48   8 31 53   9 64 65  13  36 42  80  25  96  95  61  2  48  56 54 82  21  69  21  44  64  33  18 73  31   1  4  19  87  83   6  67 64  71  29  17  51 58  26 85 68  72  78  66 23 82  7  30  69  39  88  55  58  71 97  79
  6  43 55  80  91  21  84  0  41  64  74 13 81   5  73   0   8  28 69  97  85  46 20  63 72  56  57 94   8 69  68  44  67  49 51  3  33  27  42  80   8  97 96 80  97 62 29  69  33 81  23  41  18  72  31 66  26  54 25 93  27  12  43  76  85  46  37 59  72  59 79  91  60  94  21  49 31  97  31 100  19 77  30 21 39  24  20  28 34 20  0  50  53  76   5  17  71  86 39  81
 68  56 21  68  33  60  67 20  10  85  87 64 57  24  34  58  74  55 33  46   8  52 86   5 38  69  52 17  89 20  17  10  20  14 44 24  22   7  36  89  32  77 99 72  88 91 26  43  14 20  31  25  14  48  39 75  87  79 65 11  53  50  79  26  98  13  66 30  76  94 41  30  70  45  36  33 22  27  62  17  46  7  55 15 18  79  66  22 34 51 86  26  64  62  24   3  23  25 81  38
 60  89 66  90  48  12  62 26  96  66  87 49 73  98  51  86  44  77 64  40  18  60 75  30 71  92  14 51  77 20  85  55   2  27 96  3  89  68  49  75  97  19 22 39  23 91 31  87  80  7  19  28  56  38  48  5  39  74  4 72  74  34  46  43  17  22  94  3  66  75 18  73  56  50   6  88 17   1  92  77  74 50  44 71 96  45  89 100 12 51 87  83  67  88  32  83  88  20 37 100
 29  96 42  61  65  13  27 66   9   7   9 12 49  22  40  29 100   2 90  88  45  48 75  50 98  88  18 52   7 87  14  86  50  30 17  2  65  46  14  80  59  30 22 60  28 55 91  39   6 39  84  17  16  73  74 52  54  64 58 85  70  20  67  99  76  39  45 28  78  86 76  85  31  39  62  70 94  45  54  62  95 61  66 48 13  61  62  12 63 73 20   7  28  52  34  55  60  95 40  53
 12   9 68  11  24  93   7 76  42  38  55 46 26  91  12  23  26  91  1  34  26  94 50  60 37  14  48 23  78 67  76  81   7  59 59 69   8  99  13  39  64  18 15 66   9 12 53  54  10 81  89   6  41  11  36 38  34  67 89 38  31  61  95  47  51  66  96 49  20  98 17  47  73  21  19  14 69  65  55  94  74 49  19 46 47  37  15  12 20 25 20  57  52  12  67  35  42  71 38  45
 61  30 41  55  20  87  69 61  79  88   4 25 24  90  62   5  81  25 87  11  64  67 98  68 47   0  30 84  21 40  71  86  37  31 76 42  99   5   8  97  75  87 20 39  18 25 59  33  47 86  47   0  18  58  17  6   4   4 23 85  49  28  71  26  77  14  86 87  81  58 78   8  68  76  84   0 59  57  59  85  45 92  70 58 98  84  83  53 36 77 22  42  82  87  19  44   2  88 45  81
100   4 40  78  57  24  27 61  40  93   8 63 82  91  31  18  96   7 44  15  45  47 82  11 75  48  77 88  92 24  10  77  93   3 93 60  21  95   3   6  30   5 66 61  28 76 36  42  74 24  12  93  72  61   0 91  39  82 34 70  10  26  50  38  31   6   2 35  36  70 93  92  84  81  83   1 73  67  89   1  87 25  33  8 36  81  81  92 54 64 20  71  74  49  66  17  64   1 78   1
 17  59 40   4  20  88  39 57  31  29   5  8 58  18  34  40   0  55 38  53  94   8  2  35 24   7  29  0  97 62  73  41  99  95 16 13   1   0  65  69  31  63  2 26  44 51 58  49  72 31  32  22  97  37  23 59  59  76 96  1  64  15  25  80  68  18  67 98  35  35 82  20  14  71  67  90  6  83  70  30  52 86  90 93 66  36  67  78 55 55 51  94  19  17  80  70  78   7 39  92
 70  68 34  15  42  87  52 70  48   1   4  8 50  86  81  89   7   9 83  56  87  70 37 100 19  50  28 85  94 76  18  41  48  75 85 66  93  65  50  53   7  96 99 79  84  6  9  12   2 29  71  39  15  67   3 98  19  52 85 46  85  63  87  78  34  29   8 97 100  28 25  63  78  97  29  12 61  54  97  96  63 96  15 51 72  21  77   9 19 15 90  29  48  94  75  97  52  23 56  23
 97  82 94   1  75   9  90 60  34   2  13 35 51  39  24  57  72  39  8  58  66  28  4   9 36  80  70 60  34 24  14  19  18   0 11 66  82  63   1  10  44  14 78 83  52 86 86  11  67 80  50  70  32  11  17 13  20   5 57 43  78 100  91  90  82  79  19 71  39  73  3  23  83  63  11  89 18  47  76  50  83 82   0 88 77  35  72  84 37 38 38  89  79  54  11  38  20  14 88  57
 49  80 60  67  38  39   3 98  56  85  35 21 11  51  15  26  81 100 27   9  96  54  2  47 94  99  74 16  15 31  33  96  34  53 99 90  29  70   3  55  94  79 80 17   4 25  8  17  77 76  88  30  62  78  29 73  40  26 58  7  75  20  94   3  16  83   0 10   9  64 22  90   5  30  58  63 97  57  34  26  77  5  88 82 23  87  77  74 39 38 62  28  22  17  35  65  50  71 22  71
 81  63  8 100  81  47   3 63  40  16  32 11 82  60  71  97  18   3 29  89  23  49  4  94 26  22  34 72  12  1  27   3  90   0 76  2  60  54  56  29 100  11 14 52  39 42 41  29  12 58  98  45  32  14   7 51   0  22 16 70  96  56  12  88  59   1  90 71  95  83  8  91  17  74  92  32 98  56  60  22  66  0  67 36 46  63  78  28 55 18 89  58  11  55  50  57  53  33 47  22
 96  54 24   5  33   8  74 50  74  36  64 71 14  52  72  46  34  94 42  32  36   7 51  92 99  98  22 93  73 71  80  12  93  53 78 72  10  21  62  68  67  78 41 19  62 92 45  78  74 53  75   5  85  87  39 35  84  27 70  8  82   5  59  13  58  75  87 57   8  11  5  26  86  48   0  53 72  60  20   1  62 44  94 62 46  16  36  99 86 92 28  65  68  28 100  23  76  83 47  20
 76  37 64   1  93  68  91 84  36  37  74 61 11  42  16  94  68  74 32  53  69  78 84  83  9  46  75 12  68 13  99  11   4  64 59  8  88  32  24  99  41  28 70 97  66  8 72  22   4 27  72  98  66  96  91 79  85  85 96 14   2  98  38  58  99  52  15 69  71  33 84  46  87  72  63  57  8  97  29  56  77 62  70 57 18  62  31  45 86 24 55  13  18  47  58   0  75  71 52  84
 83  41 99  86  38  50  76 72  32  94  70 78 92  70  57  39  85   9 81  66  14  93 49  85 21  26  54 83  53  5  83  84  53  53 26 83  23  96  65  53   6  43 85 86  51 57 25   9  91 85  86 100  24  39  79 66  76  52 76 71  55  17   3  50  59 100  45 53   9  22 23  65  14  76   8  17 82  47  83  48  34  8  71 92 88  98  47  85 48 43 55  26  80   2   6  87  62  34 53   5
 96  69 17  28  23  82  43 82  79  60  63 46 78  45   1  31 100  65 36  81  22 100 86   1 36  85  55 54  34 86  44  54  89  11 17 24 100 100  44  53  76  66 70 61  36 90 92  81 100 76  78  52  20  72  22 78   4  12 91 39  39  36  40  72  73  44  46 29  92  15 13  30  85 100  27  65 25  76  44  80   6 40  82 66 43  36  81  63 99 11 47  98  50  52  41  27  80  19 31  56
 22  95 68  65  69  72  80 64  66  75  24  6 17  85  30  34  89 100  0  18  84  14 32   8 39  27  17 62  26 94  36  46  25  84 71  7  73  20  18   1  65  55 12 49  89 40  1  78  85 73  79  31  85  24  21 18  80  97  8 98  64  74  92  30  14  63  11  2   4  49 39  16   2  68  28  17 45   7  68  30  83  5  62 23 59  26  19  75 49 22 88  80  90  24  64  51  28  68 84  75
 84  62 22  12  73   5  35 49  30  93  95 97 67  97  85  68  48  54 32  80   8   0 78  35 45   0 100 11  25 33  86  70  82  53 37 78  44  73  74  72  38  92 50 43  84 28 33  55  43 94  70  59  31  29  94 71  69  37 82 71  13   8  13  56  83  65  54 35  76   8  2  34  69  96   1  74 18  42  96  55  82 63  81 12 89  98  94  36 65 79 85  23  46  59  33  23  99  17 87   9
  1  32 70   6  78  23  27 14  10  90  17 80 59   9  44  21  89   8 41  36  19  73 34  87 11   5  83 30  81 95  40  83   6  30  6 15   9  68  40  24  91  85 22 58  92 87 18  27  74 32  84  78  40  98  35 86  89  27 38 78  20  68 100  96  50  40  86 18  84 100 58  64  39  80   9  72 78  60  21  56  55 58  52 63 19  78  88  81 30 63 40  98  98  79  72   5   6  49 93  95
 90  96 61  67  80  83  33  1  25  15   7 75 70  75  87  96  58   8 61  43  35  36 51  92 87  63  53 97  23 26  62  72  39  88 60 37  82   6  52  27  32  74 65 81  91 76 62  37  89 65  28  89   0  27  59 85  24  35 67 72  17  92  14  76  60  44  86 47  63  10  3  12  63  30  87  29  1  75   7  55  33 41  52 56 61  26  25  34 32 80 19  33  19  98  33  84  17  38  7  20
 36  89 48  96   7   7  27 13  99  20  18 27 22  69 100  67  80  33  1   4   3  19 17  43 63  26  45 53  63 31  18  55  82  82 60 51  93  85  61  44  13  34 58 60  92 67 75  18  32 87  60  37   8  95  90 73  35  13 14 64  49  82  85  54  54  31  59 75  26  35 41   1  73  27  81  37 81  89  48  20  51 82  34 46 49  13  17 100 17 69 17  19  74  77  15  87  95  30 22  38
 42  35 85  38  54  54  12 10  87  62  62 14 21  51  79  19  78  37 74  94  41  87 42  68  6  76  45  5  23 96  93  48  86  34 11 70  94  51  26  89  92   5 37 57  71 11 63  34  72 13  63  75  46  71  28 45  67  98 50  5   5   1  21  70  50  19  78 51  31  14 59  85  99  79  69   7 20  29  48  84  52 13  98 43 69  63  76  59  9 92 25  91 100  28  15  30  76  86  6  74
 36  70 79  20 100  37  50 69  28  49   8 21 23  88   1  27   5  13  6  22  99  41 82  90 28  48  28 55   0  5  28  61  68  78 51 56  66  54  67  23  55  24 76 61  40 83 90  73  78 56  34  10  26  16   9 51  58  54 16 95  45  52  24   5   4  20  16 44  42  89 67  31  84  42  23  32 91  14  57  80  66 73  96 12 79  85  20  80 44 27 90  52  77  63  72  78  38  14 77  21
 35  27 29  16   5   9  62 80  41  20  59 13 96  75  30  86   4  83 11  45   2  46 26  13  9  14  15 78  24 51  71  88  48  43 47 36  91  54  11  49  29  15 37 24  13 21 13  93  12 78  45  41  79  81  43 51  83  57 74 58  81  17  23  53   0  62  55 45   7   6 28  36  17  33  11   7 22  49  39  34  86 13  53 36 41  46  38  65 71 82 17  78  51 100  20  90   4  94 96  34
 44  77 65  87   6  73  81 91   3  55  42 39 31  22  63  98  96  28 12  29  35  38 27  51 32  85  25 30   1 95   4  13  70   5  5 39  30  21  66  34  96  78 33 11  25 24 15  68  43 53  86  36  51   3  25 30  98  21 19 52  33  50  43  64  42  39  72 95  69  23  1   7  31  24  31  37  4  51  28  72  27 59  68 15  4  32  83   1  5 92 87  71  73   6  64  47  76  10 35  21
 41  25 96  35   0  51   1  1  89  39   6 80 49  82  84  47  76   9 64  58  76  26 50  99 82  39  61  3  48 66 100  70  26  41 51 40  74  88  43  19  96  45 15 40  49 48 87  86  48 69  97  43  52  13  50 23  32   4 33 42  62  27  45  84  53  68  64 49  82  23 67  62  18  68  93  71 80   7  50  84  87 34  40 91 68  29  13  41 56 71 65  15  73  69  71  61  31  56 95  23
 78  84  7  44  40   1  44 61  44   3  26 21  2  74  63  76  65  84 35  22  19  24 42  86 74   0  19 80  78 38  50  83  84   1 87 99  39  56  99   9  12  25 12  7  63 21 39  66  78 72  78  90  72  47  54 53  98  52  7 10  15  75   8  29  25  32   2 58  54   4 34   5  74  60   3  21 55  59   3  54  37 74  79 58 30  91  93  98 54 44  0  99  14  59  24  52  55  27 86  98
 20  45 79  19   2  26  30 33  98  56  96 66 85  67   4  38  75  63 52  62  50  37  8   3 10  59  71 65  52 42  18  29 100  64 78 19  64  30  86  61  56  53 69 24  66 50 27  62  45 15  43   8  59  54  79 32  76  45 19 23  30  17  63  66   5  28  79 32  65  24 25  57  81  22  28  99 51  29  55  51  46 11   8 19 10  32  21  96  0 44 72  87  84  83  60  83  33  34 97  91
 53  58 99  52  18  88   0 90  45   4  73 38 33  81   4  41  41  18 55  47  97  67  6  43 68  64  29 79  89 22  62   1  99  79 57 22  61  21  47  54  89  26 10 70  49 88 49  54  62 76  60  34  10  93  38 49  51  70 11 30   7  20  64  60  76  33  36 21  40  23 26   7  57  22  45  91 22  77  51  85  28 76  68 42 83  27  46  40 65 14 93  18  81  78  31  53  36  65 27  47
 32  43 65 100  56  95  24 93  30  97  34 94 81  63  34  29   3  74 43  97  57  48 65  83 57  76  67 93  74 78  67  73  68   9 31 28  58  28   3  30  51  12 70 18  73 69 42  69  86  0   0  13  78  96  72 82  24  98 24 68  25  91  44  20  74  30  97 61   4  85 67  74   9  32  68  59 88   0  93   8  27 92  87 20 56  31   3  41 68 45  1  48  14  60  22   2   1  32 49  71
 67  88 42  45  56  78  76 33  23   8   8 66  3  38  48   9  67  31 25  48  96  81 13 100 29  59  19 18  92 10  64   4  51  64 20 56  39  65  73  60  28  55 42 84  15 49 50  65  95  8  71  84  23  34  47 51  72  66 88 62  61   4  68  15  87  69  82 91  13  76 84 100  56  70  45  27 68  34  63  89  22 20  33 97 35  34  51  10 79 51 24  29  91  13   5  56  75  43 52  26
 88  21 47  60  36  75  33  1  20  98  11 89 43  43  40  28  34   8 19  71  79  89 29  32 76  62  93 85  56 39  42  89  83  46 93 69  86  59   1 100  90  50 88 43  72 82 41  23  56 47  28  14  91  39  29 69  71  41 15 62  19  13  23  73  29  25  37 26   1   8 79  31  20  75  77   5 99  38  58  44  84 90   7 83 28  44  83  43 19 34  4  28  25  99  54  38  90  54 59  25
 67  42 17  97  31  12  31 67  61  56  95 54 37  70  17  68   6  21 86  56   9  55  5  56 62  16  69 45  16  4  54   4  43  10  4 98  75  27  71  34   3  41 36 35  74 59 38  72  10  4  66  92  15  36  98 97  79 100 36 63  85  51  40  78  66  43  89 81  85  96  3   8   4  22  61  61 24  81  15  30  59  1  24  7 42  69  12   2 61 92 34  86  28  46  99   2  30  43 16  26
 53  83 78  93   8  26  59 27  14   0  15 87 77  88  84  15  12   6 29  37  67  99 59  15 74  28   5 50  93 70  78  56  33   5 80  1  42  46  15  42  20  33 43 42  33 24 90  43  47  3  95  36  84  87  19 42   8  93  0 89  25  74  53  92  74  18  11 24   0  99 79  42  12  69  64  87 93  89  30  78  94 87  28 79 89  81  75  52 64  7 85  17  93   8   9  17   4  23 77   8
 52  86 25 100  25  33  98 11  84  52  41 83 50  17  97  17  46  12 39  66  41   2 72   6 73  64  10 14  87  6  26  30  83  54 81 99   9  52  42   5   2  99 44 73  28 13 79  91  71 46  52  36  24  91  89 24  87  35 69 55  68  84  65   0  73  73  42  3  84  73 41  89  49  20  31   2 91  47  11  67  76 30  66 19 56  31   2  53 19 46  3   4  47  16  56  68  90  10 60  87
 21  18 96   4  20  82  89 64  27  91  90 30 34   1  23  73  13  71 72   5  22  68 57   0 91  88  25 51   8 91  16  47  47   9 13 72   4  98  34  98  71  76  2 22  69 33 71   5  80 53  71  50  29  50  49 93  93  24 93 58  82  63  54  66  82  81  57 83  78  59 36  25  80  34  91  17 57  78  49  83  72  2  50 95 93  97  38  23 99  9 56  36  35  91  92  42  46  50 75  53
 65   3 56  11  46   7  93  5  31  36  87 53 33  63  45  93   6  50 57  80  36  46 52  37 99  66   4 65  82 74  16  43   5  31 33 50  58  43  86  28  81  82 39 69  79 10 63  88  34 86  54   6  39  80  24 44   2  22 63 65  76  59  33   6   5  35  83 60  30  53 85  86   2  61  71  57 85  65  49  18  31 87  79 71 19  92  51  13 85 96  4  10   2  71  44  88  35  96  9  84
 27  82 25  19   1  65  45 58  44  81   8 28 44 100  13  25  15  79 53  45  48  93 69  17 94  85   2 74  40 22  92  37  43   5  5 34  35  15   3  23  92  39 12 34  50 86 12  87   3 14  66  26  16   6  11 81  46  84 33 68  84  94  91  65  79  69  83 65  44  30 54 100  90  30  15  93 63  14  20  39  10 17  10 64 35  41  77  68 14 13 28  33   8  29  11  98  77  91 83  69
  6  10 66  76  23  34  95 92  27  93  97 81 59  33  12  87  89  21 74  44  91  46 65  63 36  27  90 81 100 67  75  98  61  83 39 86  51  42  64  73  18   6  4 92  89 54 36  73  75 26  30  68  54  62  15 91  19  49 64 44  50  19  71  44  19   8  16 68  79  10 65  80  96  55   3  70 23  58  64  60  34  8  27 56 78  68  33  69 59 94 93  33  58  46  79  71   6  27  1   5
 84  23 51   9  39  16  58 52  54  73  75 17 16  43  21  49  99  70 64  54  23  30 22  26 83  52  28 42  82 29  28  32  64  35 69 32   5  79  62  91  17  97 34 49  10 21 74  64  87 24  95  73  38  52  12 20  68  17  2  9  10  94  46  33  75  74  31 51  24  29 95  44   6  96  73  86 20  42  37  49  81 85   0 97 69  98  99   1 16 61 76  46  73  13  46  17  16  90 66  22
 76  28 19  27  36  40  35  4  92  97  38 77  7  34  28  48  91  40 27  61  63  54  8  78 76  96  56 51  65 57  25  57  56  46  8 85  86  49  13   6   7  18 20 62  15 44 29  58  58 58  31  33  54  32 100 63   0  48 11 58  62   2  43  30  55  99   7 36  22   5 95  94   5  55  33  54 14  34  69  94  34 10   8 61 31  61  29  73 43 18 95   6  96  31  10  61   2   1 43  57
 22  48 77  93  91  31  53 78   1  51 100  2 53  15   8  38  73  95 56  60  16  15 63  24 42  49  92 10  63 97  14  22  43  33 12 19  74  43  63  23  91  65 23 54  96 64 13  93  91 55  50  55  11  22  67 54  58  84 82 72   7  38  38  24  94  22  16 42  54  71 79  21  32  83  24  20 73  27  24   9  23  0  10 99 63  51  66   6 77 21 94   5  66  94  47   6  93 100 42  70
 85  32 47  23  29  99  50 23  44  32  50 52 50  67  40  32  90  45 65  54  56  13 93  98  4  63  81 44  95 52  33  85  43  13  0 38  83  44  82  99  72  76 66 39  81 99 66  97  89 30  72   6  38   6  90 32  96  86 23 14   9  44  28  25  28  60  52 98  67  37 14   8  31  93  77   8 12  24  99  37  70 78  76  1 51  65  77  23 56 19 29  68  56  42  84   6  37  18 67  95
 70  23  4  27  41  34 100 83  63  47  47 40 58  41  63  74  26  77 12   4  25  30 95  39 82  49  83 84  91 35  80  42   9  58  1 73  77  72  96  51  21  12 16 86  93 54 30  41  61  4  22  78  16  63  63 72  16  72 71 50  39  64  77  76  25  75  67 21  22  92 92   0  15  68  11  99 64  77  27   5  69 95   3  3 19  18  75  73 17 32 85  91  22  30  24  84  81  19 95  49
 53   8 45  13  88  73  26 74  91  21  73 27 78  54  66  20  46  32 50   2  34  71 28  22 36  53  68 65  38 51  21   7  28  87 75 48  72  17  80  17  48  38 99 17  64 41 31   3  47 20  14  89  24  53   8 93   0  41 17 82   2  84  43  33  70  78  94  4  98  41 10  84  54  24   9  62 92  74  92  99  49 70   5 28 80  57   6  46 38 29 86  32  82   9  23  66  39  15 93  91