100 100
 11  57   3  29   0   1 94  18 19  27  20  63  52 49 41 10  84  49  33  32  60  47 75  65  76  23  14  42   0  14  86  29 38  71  70 74 19  88  45  20 52 81 96  8  59 90 41 18 23  91 13 100  72 64  77 54  55  57 100  24  36 25 25  48   9  51   4 44  42  7  82  2 17  71 34 45  77  47  86  45 85  15  66  35  64  37 14  31  59 94 72 70  86  97 59 77 45  45  54  91
 30  95  91  31  33  34 87  40 27  52   9  88  47 92 40 15  36  74  61  63  42  79 49   0  59  37  43  14  33  11  21  96  5   9  80 19 99  78  91  12 71 74 33 92  26 52 32 83 95   4 67  88  24 43  90 99  59  61  95  44  92 46 98  59  68  55  60 41  72 29 100 44 68  87 68 52  57  37  94  78 57  58  60  13  27  83 31  61  81 49 35 94  49  72 79 21 33  96  35  41
 24  53   7  85   3  81  5  38 60  97  83  97  32 75 80  5   9   5   5  78  94   8 63  77  11  30  84  84  33  73  49  21 15 100   4 66  5  21  80  49 38 15 66 89  67 53 44 99 75  17 37  61   0 28  83 16  35  28  34  36  21 66 84   8  33  22  57 28  72 66  36 78  0   6 20  4  28  21  84  66 43  10  80  21  42  20 36  97  63 58  1 63  77  35 65 70 22  49  81  63
 32  99  88  99   3  93  9  67 29  50  72   1  33 79 42  7  94  37  81  84  24  86 40  34  19  72  89  34  28   1  52  81  1  16  70 54 80  66  56  32 76 80 83 26  44 26 27 16 51  23 94   4  79 66   3 59  35  10  47  99  30 39 22  86  68  43   7 81  89 81  50 80 42  25 75 89  33  17  70  85  8  97  79  50  71  39 71  91  66 32 69 77  99  45 68 95 91 100  84  67
 29  42  20   8  82  41 49  10 45  37  76  56  16 58 65  9  67  58  15  94  56  83 31   6  54  86   9  45  58   9  54   2 38  85  98 85 69  17  92  84 62 28 39 16  95  5 78 20 49  70 82   4  69 77  46 44  24  87  41  55  19 64 62  45  65  59  12 22  65 21  44 10 88  83 91 70  98  61  23  39 50  53  81  67  97  55 92  66  55 68 89 89  88  16 52 30 59  63  44  30
 83  44   8   1  60  32 77  94 62  20  33  88  38 45 89  9  83  28  78  80  22  63  5  39  23  32  88  86  17  98  47  60 69  40  31 41  9  74  14   5 57 79 52 99   8 32 50 84  1  63 90  34  85 36  39 21  28  35   6  31  15  4 61  60  33  93  78 19  73 12  72  2 25  90 53 75  12  18  72  47 15   1  84  30  73  61 10  27  53 45 87  2  11  26 29 27  9  23  81  32
 52  85  70   9  68   6 35  74 68  13  23  29  34 63 49 98  76  44  59  67  46  54  3  43  49  32   1  37  32  26  59  68 29  41  95 65 64  65  71   6 18 93  1 71  86 98 73 28 44  10 34  86  62 69  25 95  67  10  49  17  34 58 12  70  29  94  77 93  16 59  22 78 56  52  5 53  17  98  57  97 72  86  84 100  18  28 52  19  82 21  3 97  32  12 91 24 71  55  46  93
 61  47  97  21  68  69  8  27 17   0   4  94  24 67  1 75  87  67  97  99  50 100 84 100  37  91   8   9  82  19  21  47  9  43  38 31 57  35  12  52 99  4 35 96   3 38 48 78  4  64 85  19  56 59  34  6  17  41   8  71  54 83  5  82  56  25  17 85  75  8  32 93 23  21 94  8   7   1  86   3 28  98  21  70  45  90  8  70  58 90 23 69   4   7 46 99 97  13   2  74
 82  74  83  20  47  85 64  80  9  95  58  42  15 90 67 43  13  90  81  96   7  65 30  77  69  31  11  48  92  16  31  77 48  35  31 15 73  39  74  54  5 43 48 89   7  8 90  5 67   6 83  64  64 81  23 51  38  70  79  46  70 89 12  53  28  74  11 54  15  3  69 48 86  81 86 12  53  88  90  51 43  76  74  74  91  39 17  83  63 35 39 24  58  49 51 89 89  18  71  24
 88  23  66  86  61  16 81   7 33  71  74  20   4 69 91 59   6  22  46  97  49  57 65  93  73  78   4  43  11  91  21  36 64  20  36 19 37  25  86  97 20  6  4 68  89 89 36 32 92  29 20  45  26 42  28 93  52  12  95  67  59 70 97  54  34  81  20  6  53 24  17 82 10  22 30 28  52  95  12  87 40  88  63  11  93  36 20  94  67 31 72 46  12  19 70 33 93   5  18   5
  1  23   1  33   1  42 21  12 65  87  21  29  78 94 62 67  94  89  20  67  30  84 49  14  95  84   0  58  57  52  13   8 19   1  42 93 12  31  21  63 21  2 84 93  91 78 85 61 63  76  2  22  42 56  90  4   3  52  94  45   1 72 36  31 100  21  53 46  64 68  54 53  0  76 97 67   1  60  69  39 10  21  25  61  15  66 28  57  70 38 82 82  90  69 47 64 93  49  52  27
 65  25  27  47  41  39 86  11 21  22   9  98  62 41 34 82  61  78  58 100  69  97 52  14  15  47  16  73  73  44  10  88 45  22  43 96 30  38  60  61 95 86 53 59  37 71 83 64 10  34 12  84  34 31  35 42   5  94   9   2  37 98 39  46   7  88  20 81  72 18  25 71 68  37 86 41  16  55  35  50 32  85  71  42  83  62 30  81  99 63 31 93  36  27 76 12  3  34  73  13
100   1  35  70 100  45 67  30 26  43   2  26  49 99 67 48  71  63 100  85  72  27  3  50  29  31  37  24  52  73   3  25 80  38  77 77 60  60  35  79  1  0 52 15  80 16 55 77 42  23 41  41  91 17  32 42  21  53  73  89  11  5 66  63   3  74   3 40  73 36  52 97 38  24 60 87  91  20   3  50 55  28  42   1  75  93  3  17  96 62 98 30 100   6 84 59 15   4  71  88
  9   5  23  73  44  79 84  55 74  75  33  20  11 41 71 33 100  16  25   3  95  38 58  79  52  24  22  26  31  26  66  62 72  97  65 56 23  14  80  47 59  0 90 71  60 65 50 87  5  90 28   6  97 60  24 46  65  97  70  94  45 76  3  50  94  74  90 97   6 19  49 58 23  97 62 61  44  24  17  51 72  67 100  92  64  65 61  59  38 93 88 56  13  41  6 58 59  28  61  61
 27  78  18  80   2  88 29  13  3 100  90   2 100 85 84 91  34  18  44  87   8   7 53  19  65  22   6  87   1  14   2  28 76  56  50  4 16  42  52  34 70 73 61 61  95 79 37 29 87  55 14  80  25 73   5 87  20  63  70  46  55 60 92  65  20  99  52 63  71 62  10 83 13  69 85 60  15  43  70  16 96 100 100  92  53  77 79  18   3  0 65 52  81  71 55 42 77  62  48  37
 20   4  81  70  81 100 57  89 89  71  16  75  79  0 62 18  21   4  42  89  41  47 77  46  44  87  20  45  45 100 100  71 34  63  53  3 22  63  65  94 69 37 45 80  56 84 28 83 21  20 49  94  54 84  98 71  25  28  56 100  64 33 41  55  73  98  16  0  42 19  91 16 92  27 65 78  20  86  64  75 83  50  35  96  71  46 55  43  41 46 14 44  36  53  4 48  6  69  79  79
 43  42   1  79  67  20 48  21 88  98   4   0  26 95 15 26  30  74  80  26   5  51 60  83  80  91  16   7  92  38  10  45 84  14  95  5 88  85   2  57 11 78 10 69  60 64  9 40 32  74 27  58  26 42  74 65  39  85  69  60  58 99 16  42  56  52  88 68  37 19  98 60 50  55 94 84  30  86  14  30  5  55  41  14  97  32 35  25  21 42  1 69  86  50 36 48 73  62  87  23
 89  52  47  21  63  33 93  11 32  17  76  86  73 39 44 11  52  11  87  89 100   5 92  81   9  94  78  99  47  18  81  23 75  77   5 75 57  98  78  41 75 48 89 74  92 17 73 15 79  83 46  81   8 30  28 49  90  93  62  30  17 40  0   2  69   9  55  5  73 45  13 39 18  37 24 98  64   1  15  26 21  87  32  23  82  83  3  96  36 71 77 14  71  91 21  8 98  62  68   5
 37  71  62  94  31  65 62  92 45  44  71   4  63 47  1  2  75  87  76   5  93  63 84  91  20  86  73  60  76  55  59  52 96   1   5 70 56  88  45  58 57 89 59  9  51 62 16 27 13  91 34  55  84 79   3 66  22  78  73  85  87 76 65  29  12  96  88 81  45 89  96 95 37  65 39 58  57  15  10 100 54  24  71  68   4  23 80  60  74 53  3 13  28  41 25 82 49  23  30  55
  9  83  24  75  32  67 70  65 46  34  25  87  57 71 33 31  89  71  67  50  93  28 13  57  72  81  46  74  70  34  97  34 55  42  30 66 53  45  73  21 30 37 32 91   4 65 17 63 46  97 78  60  76 33  48 23  16   4  75  29  34 96 90  47  68  74  91 50  52 71  10 47 86  92 52  9  99  79  39  47 83  29  59  60  78  26 51   2  15 82 21  7  32  29 71 14 38  25  21  96
 38  12  94  53  47  37 90  49 47   3   1   0  15 81 11 33  76  49   0  36  19  68 72  74  23  34  51   3  32  52  88  21 25  71  62  3 32  53  29   6 39 47 29 95  35  3  2 41 80  24 16  74   8 55  79 51  30  39  48  37  70 18 88  78  94  41  12 70 100 25  32 21 85  29 56 97  79  25  13  64 95  18  51  55  26  57 27  94  65 11 49 94  62 100 47 21 76  67  32   4
 74  47  51  72  18  60 39  32 92  30  15  10  87 88 56  1  62  38  77  83  24  77  6  43  17  36  57  38 100  95  43  33 85  14  95 31 14   3 100  67 49 82 21 76  40 83 50 40 10  12 67  21  54 46   6 20  53  50   5  57  16 36 65  47  52  13  17  6  16 56  32 58 95  96  8 56  70  75  96  49  5  59  55  64  29  94 83  32  29 87 70 11  88  60 58 78 96  50  81  14
 30  29  96  40  51  25 51  26 54  93  13  73  54 55  4 17  26  51  13  44  36  63 60  12   0  49  48  94  25  10  26  20 16  68  76 80 60  32  82   9 27 55 40 88  25 61 47 63 56  14 59  46  40 37  84 70  46  99  65  81  31 72 27  38  17  83  45 70  70 63   8 74 65   8 48 11  21  20   4  82 10  46  56  83  52  69 11  34  18 71 66 29  61  95 15 78 66  91  76  87
 48  83  41  11   3   2 58  12 20  34   4  15  32 79 80 26  91  84  51  55  61   0 39  67  50  34  92  37  80  17  78  95 65   5   2 82 57  44  89  66 55 88 26 99  58 52 77 71 76  23 74  96  26 17  85 33  83  22  37  91   7 52 47  17  83  41  23 17  88 61  60 84 49   3 97  5  41  45  83  89 67   0  32  88  60  89 80   4  46 14 33 33   2  86 58 73 84  92  27  93
 88  89  17  40  23   2 32  34 36  86  59  13  26  1 14 51  54  76  50  79  87  45 79  94  41  29  16  10  61  64  50  21 20  89  46 20 12   0  26  82 34 12 33 99  28 42  2 55 92  27 43   2  37 74   5 38   8  18  17  57  52 86 88  11   3  44  93 31  73 37   1 51  1  79 70 48  79  61  55  28 26  28  69  81  50   2 78  54  60 39 35 84  13   4 38 62 21  31  42  63
 26  48  53   2  44  66 18  72 63  53   3  26  69 60 62 55  61  61  15  27  45  50 31   2  98  51  99  48  34  16  12  67 52  63 100 74 70  83   5  12 22 65 63 39  50 83 66 58 31  73 38  43  58 43  31 60   4  55  51  78 100 38 38  97  64  85  10 65  87  5   1 50 83  99 52 73  40  84  42  78 98  33  21  59  40  20 86  82  34 63 69 24   8  18 43  6 76  44  81  24
 78  66  78  22  79  28 53   7 52  34  11  78  14  4 55 58  46  42  93  60  18  15  3  25  53  71  60  24  67  22  67  88 45  78  87 14 33  27  73  33 29 18 90 59  71 14 59 39 83  85 52  20   6 35  14 11  44  65  60  27   3  4 94  87  44  69  10 20  94 66  89  3 58  17 39 83  63  86   2  11 48  69  65  19  68  35  3  61  57  2 20  9  33  98  5 68 88   0  69  86
 43  23  40   6  52  95 66  32 57  76  87   1  43 59 48 50  77  82  12  67  12  70 93  99  47  23  84  27  18  88  45   3 82   7  95 88 12  30  75   6 39 73 86  1  68 13 58 58 54  92 13  29  69 96  50 33  90  29   7  93  35 99 74  83  68  63  31 65   5  1  45 22 36  31 36 54  91  86  45  63 68  73  68   7  47  89 56  74  97 94 44 91  12  47 78 60 49  38  60  94
  9 100  36  48   6  52 83  68 35  15  15  37  68  8 12 36  91  46  55  71  99  51 69  68  25  70  82  58  29  20  20  89 70  47  60 12 11   0  31  62 66 61 13 48  81 44 74 25 81   3  2  18 100 94  26 76  70  36  61  47  88  3  6  92  93  18  43 71  29 52  52 54 16  82 63 90  97  15 100  74 33  45   7  74  83  89 39  54  60 33  1 66  29  67 26  7 39  30   7  26
 85   6  22  38  75  91 65  37 15  64  18  56  80 59 67 24  11   7  75   3  79  16 38  93  27  99  39  61  24  65  23  31 31  49  20  8 81  38   5   3 71 42 15 93  25 26  4  4 19  22 27   5  14 28  83 63  38  98  51  70  95 90 79   6  70  29  93 69  28 51  23 31 80  62 32 46  63  86  41  17 33  43   8  38  93   4  2   7  34 74 21 90  90  55 75 64 38  71  48  46
 55  17  77  31  65  28 12  84 99  42  47  37   5 90 78 16  31  12  44  16   1  73 47   3  25  94  67  92  60  26  85  30 33  37  16 39 58  38  67  19 52 64 43 27 100  6  1 72 86  20 87  16  45 54  37 12  12  76   6  97  76 23 15  92  26  77  34  1 100 45  39  9 80  89 97 18   2  36  86  42 51  91  50   2   9  69 57  72 100 35 26 86  44  50 34 71  3  62  12  21
 58  67  29  52  70  30 84  11 60  81  90  96  79 24 37 80  68  38  72  38  59   0 90  20  83  19  28   3  37  34  24  77 21  21  97 20 17  66  47  90 49 43 51 51  29 78 20 69 91  77 15  32  97 99  64 41  88  52   1  49  25 28 56 100  37  37  65 83  95 85  86 21 18  47 78 74  88  74  28  50 80  92  94  83  16  74 22  62  25 74 42 54  99  53 54 56 34  97  39  71
 96  60  80  52  79  34 44  32 20   3  59  83  76 72 42 22  24  99  25  58  12  87  4  77  92  91  50  26  61  37  60  37 91   8  63 18 48  48  43  63 49 44 31 20  33 45  7  2 34  95 11   0  59 68  53 18  47  94  82  61  66 73 12  88  37  47  34 42  27 15  52 71 99  78  8 35  40  30  82  57 99  29  85   6   7  97 23  68  46 66 83 61  97  75 75 17 76  99  18  27
 62  69  75  86  77  39 46  15 92  61  47   9  51 12 89 63  28  53  75  65  72  27 99  81  53  86  65  98  27  39  40  15 23  17  80 95 14   0  11  54 20 71 96 61  35 18 90  3 38  25 86  63  38 67  17 10  67  20   9  52  14 61 10  14  42  35  88 22  31 66  86 48 69  85 33 60  39  25   3  56 99  95  70  73  66  91 25  65  43 97 82  8  35  23 15 47 36  77  11  41
 94  22   0  80  72   5 86  92 96  57  21   2  17  6 52 92  66  47  83  95  68  89 66   8   8  72  42  92  75  36  59  20 11  93   4 64 17  47  99   2 42 28 96 59  94 76 24 95 51  47 68  17   4 33  52 31  97  65 100  74  96 34 72  70  44  94  57 18  79 57  15 99 56  87 57 39  57  14  93   6 31  63  29  94  77  81 71   6  10 59 66 45   1  51 23 85 59  19  90  71
 59  33  38  49  30  70 86 100 81  92  91  78  74  5 18 12  55  71  37   7  49  11 45  83  30  66  80  15  59  21  31   3 78  45  28 41  6   8  10   5 28 74 50 29  80 77 46 77 18  77 22   9  92 28  12 64  36  58  29   5  19 68 98  94   3  80  68 67  28 90  19  9 52  59 79 87  42  12  97  43 36  61  50   1   0  33 21  45  32 30 67  1  46  90 52 77  7  85  92  28
  7   4  33  18  14  79 10   5 40  45  83   4  43 89 57 50  71  48  57  81  81 100 55  89  35  99  98  84  28  35  18  77 67  34  16  5  7   5  43  66 90 16 76 36  45 24 42 78 42  95 79   7  96 19  71 65 100  54   1  82  36 12  9  89  60  24  14 52  76 40  86 96 21  24 43 27   1   7  35  55 45  11   6   4   6  29 73  22  79 19 78 88  53  59 21 65 24  68  81  48
 95  63  28  84  66  86 78  56 13  74  49  82  34 62  4 79  45   0  82  35  80  27 39  15  33  14  90  93   6   6  70  79 15  55  68 54 95  24  84   0 82 72 41 44   5 35 96 83 32  53 62  13  68 38  91 60  57  35  18  54   1 89 58   7  86  40  60 95  84 57  32 33 72  87 97 16  25 100  62  28 14  39  97  63  79   1 13   7  22 63 83  2  63  99 16 65 69  21  54  52
 44  22  83  59  33  41 62  43 34  50  13  42  47 84 77 60  38  80  40  23  10  65  8  43  85  86  97  62  72  90  19  81 20  68  68 97 92  65   5  67  9 41 53 11  61 81 89 20 95  86 35  16  85 46  95 33  36  33  34  47  31 24 66  25  60  84  49 90   9 53   9 24 60  76 81 31  97  75  41  59 35  48  14  57  43  79  9   8  18 61 78 47  65  87 57 42 21  21  43  11
 99  84  11  89   7  37 41  61 67  34  16   3  12 20 14 37  76  15  24  54  94  61 40  61  74  14  29  53  56  34  60  99 61  70  44 68 83  31  85  75  4 91 81 74  79 95  0  9 91  24 93  32  70 91  55 84  49  87  71  31   3 39 86  10  30  37 100 73  37 60  50 51 17  43 28 82  53  92  95  67 35  50  74  22  38  93 39  72  59 42 87 93  93  25 67 21 65   5  10  15
 31  27  70  26  80  37 39  22 25   4  45  20  69 47 83 78  20  45  51  96  33  84 14   9  63  82  65  24  46  51  75  68 48  24  41 66 52  30  35  12 59 83 92 92  64 17 30 22  7  88 78  38  76 71  72 28  90  95  24   8  98 27 47  88  91 100 100 75   0 18  88 65 87  16 17 45  24   9  73  69 87  41   7  85  30  42 45  99  46 92 97 23  64  97 74 70  8  49  92  27
 21  12  33  85  96  33 51  54 30  54  10  49  29 43 92 20   0  16  98  53  30   3 91   6  13  66  85 100  48  96  43   5 88  57  62 39 17  86  80  75 35 93 59 88  96 20 29 14  3  32 80  54   7 51  33 32  67  38  23  96  68 32 64  10  48  86  15 38  34 99   5 67  4  23 96 39  57  49  25  79 24  55  15   4 100  76 45   7  87 71 86 12  52  34 46 78 33  92  17  20
 94  59  95  93  55  47 26  98 91  92  23  43  33 74 80 48  73  17  24  34  61  21 94  85  77  39  11   2  96  11  26  22 63  75  84 64 90  90  45  19 13 69 66 45  92 84 22 82  4  15 69  92  46 12  39 25  41  96  35   4  44  4 31  11  87  98  56 44  88 36  76 15 21  54 27 60  15  71   9  81 63  60   3  89  78  73 20  76  80 30 93 80  45  90 53 57 71  80  13  41
 80  11  13  56  91  64 41  90 69  66  76  57  78 50 23 85   0  65  69  92  76  90 59  49  83  19   4  36  67  70  12  94 36  56  88  2 11  94  98  26 80 96 49 21  30 79 21 77 99  56 55  24   5 68  80  5  43  95  58  51  16 50 68  93  10  33  98 73  79 34  51  1 21  15 50 33  40  17   1  61 16  69  90  69  78  24 36  22  48 82 93 80  69   8  8 59 18  87  44  42
 46  20  18  66  86  75 89  15 14  65  65  87  14 24 78  6  82  21  83  40  87  98 29  46  89   1   8  46  99  30  13  64 76  87  63 93 70   3  24  36 80  3 73 63  81 38 81 91 19  92 19   3  16 24  50 78  10  54  26  71  27 42 45  67  38  68  27 29   8 55  19 12 67  19 13 76  50  71  88  59 20  83  22   5  10   0  4  73  85 91  9 14   4  92 21  1 20   9  54  93
 46  50  40  36  51  91 95  48 40  75  71  13  99 72 55  7  31  62  30  51  95  79 58  97  80  49  92  28  11  88  70  42 59  83  62 14  2  13  99  94  5 26 32 65  20 49 71 41 60  50 18  40  99 17  24 72  27  81  92  30   1 83 33  11  80  15  60 81  23  3  31 96  4  62 29 28  92  37  20  32 63  43  27  47  67  55 25  64  26 59 93 16  91  66 60 93 95  52  26  21
 17  78  89   1  60  78 74  14 80  21  87  87  45 98 82 77  97  57  72  10  58  26 70  67  92   5 100  45  84  90  87  55 37  47   5 98 51   7  83  73 51  1 73  7  20  1 89 82 56  26 41  76  24 61  90  4  33  42  81  81  15 18 65  92  20  39  20 46   7 74  76 94 98  34 49 60  82  67  27  87 73  61  41  69  29  28 91  28  55  1 97 11  40   7 92 87 94  90  95  62
 92  37   9  59   5  22 31  16 45  14  95  31  15 13 28 72  11  92   1   3  33  29 43  90  36  33  66  93  88  84   3  37 70  64  61 37 78  43  64   3 98  6 18  3  38 40 62 12  6  42  2  88  24 18  24 94  59  16  59  82  12 84 49  48  10  61  87 37  94 64  61 25 92  20 67 46  30  35  61  51 78  56  59  44  98  10 49  19  51 44 57 63  17  71 80 74 95  91  18  23
 68  86  71  48  61  86 72  54 46  30  30  41  66 28 86 35  28  11  94  92  64  98 12  41  88  86  36  24  51  76  42   3 24  95  24 60 18  60  58  22 46 73 79 95   3 15 28 24 31  83  5  67  46 49  87 22  73   5  85  94  50 49 98   5  41  93  77 80   1 95  32 11 59  41 34 45  27   6  33  86 34  68  65   9  18  69 23  80  23  1 65 36  64  51 48 17 66  88  62  90
 98  53  54  60  53  92 56  55 18  88  38  25  40 92  7 97  62  88  91  27  34  70 31  67  55  28  36  76  39  21  18  48 60  97  37 23 19  53  92   5 64 38 91 61  23 99 84 64 92  36 26  94  81 41  78 97  59  10  80  72  59  7 34  12  71  98  93 75  55 10  21 76 66  59  3 29  94   9  22  54 31  98  67  78  23  66 65  65  52 37  3 50   7  71 17  7 34  28  34   4
 37  38  16  95  74  28 27  43 37  24  99   3  59 10 96 63  97   4   7  83  55  86 87  10   2  62  28  51  78  13 100  73 11  73  48 58 89  36  29  51 24 63 40 15  45 72  7  8 50  98 21  48  17 49  35 94  63  29  47  47  91 15 46  50  43  19  25 64  38 36  27 19  7  39 39 33   4  33  37  16 60  94  51  61   8   3  8  78  84 24  2 82  50  87 61  0 31  43  82  19
 10  68  22  87  27  87  4  80 47  11  85  49  50 30 67  0  86  32   0  24  53  60 43  79  96  50  64  66  27   6  53  61 32   1  80 84 28  38  74  23 18 15 38 46  58 78  6 87 99  91 41  56  73 64  13  2   2  33  98  79  25  7 91  66  93  92  70 93  30 66  65 86 33  84 79 21  55  53  46  18  8   5  71  12  67  20 39  57  63 53 31  7  35  69 88 28 47  51  70  49
 80  84  39  86  42  89 49  36  4  38  87  15  82 97  8 58  71  54  65  34  78  87 85  10 100  27  66  11  79  12  81  13 77  50  45 12 47  51  97  41 26 75 47 13  48 46 26 42 31  71 67  76  16 69  20 17  67  56  28  16  53 29 74  71   3  63  84 75  43 41   3 83  8  61 62 67  84  16  65  81 26  57  52  37   6  15 24  20  81 33 61 77  13  96  1 47 20  28  76  32
 82  86  16  64   1  26 32   0 69  31  57  27  87 35  2 62  59  97  16  56  70  33 55  66  11  65  59  14  42  68  55  91  9  47  76 92 42  26 100 100 84  3 60 60  15 67 13 65 91  80 50  88  99 36  84 12  68  53  65  15  82 70 31  76  69  80  43 30  42 79  23 50  0  31 74 50  65  56  39  47 72  95  36   6  80  85 41  95  13  0 20 14  48  28  6 11 46  41  92  34
  5  39  36  31  27  84 85  24 36  35  74  71  36 68 63 30  69   1  92  46  59  93 59  42  27  47  10  77  63  38  72 100 45  38  46 25 34  67  23  47 77  8 33 85  77 32  0 93 73  54 85  38   4 98  86 99  42  59  94  92  60 29 45  50  63  76  94 16  93 95  39 27  2  14 66 74  51  26  54   5 40  33   0  92   2   7 62  17  65 13 12 14  66  11 61 85 73  31  96  39
 21  93 100  78  20  68 89  84 96  51 100  92  34 87  5 93  76  58  60  68  91  88 59  59  32  59   7  62  60  22  65  71 56  22  89 84 35  37  54  96  9 30 17  6  84  2 26 74 23  28 71  66  84 71  70 20  38  60  20  37  72  8 54  10  32  91  68 89  59 13   7 10 33  63 61 81  22  53  97   7 88   4  75  23  19  62 11  47  74 47 31 75  36  33 98 38 57  36  61  45
 68  18  73  14  25   7 15  38 14  14  53  27   6 46 35 72  90  57  81  91  98   2 96  36  79  12  53  43  15  89  37  74 89  19  89 41 82  17  27  90 11 82 57 13   5 17 30 30 46   6 59  15  73 14  72 73  31  93  82  96  54 56 43   3  27  66  91 55   8 86  72 65 86  39 11 23   2  83  45  61 26  63  80  79 100   9 85  23  24  6 42 98  83  50 74 70 64  10  31  83
  1  95  11  65  63  62 88  98 85  36   0   9  81 90 61 60  86  27  41   4  68  56 12  10  40  38  96  74  73  23  50   0 25   0  76 59  2   3  29  29 98  9 23 16  39 58 64 94 75  56 29  70  45 28  53 35  99  21  37  41  25  1 39  10  76   6  18 11  84 27  97 37 77  55 40 30  97  72  79  49 95  51  39  63  54 100 72  14  82 87 55 60  21  96 68 12  9  85   9  68
  6  57  33  15  32  99 40  74 93  10  69  39  41 74 15 31  35  10  14  56  81  57 52  85   2  10  19  44  29  30  57  86 21  77  84 18 76  83  76  77  9 99 73 67  30 73 80 72  8  28 39  27 100 64  78 98   7  66  56  77  72 25 82  69  20   0  89 62  35 48  73 93 29  92 28 71  26  94  66  26 54  71   3  90  56  37 20  11  41 85 79 96  66   8 92 59 13  17  68  13
 41  37  75   0  72  53 55  95 54  56  71   5  38 52 28 30  92  77  35  61  20  43 33  39  91  32   3  68  51  10   9  87 85  14 100  3  3  13  45  47 63 20 53 27  85 99 36 56 11  41 12  18  50 13  96  7  77  56  83  71  32 58 75  90  51  12  74 64   0 71  13 55 49 100 16 81  26   5  43   6 35  25  86  76  98  30 63   4  58 31 53 34  57  23 78 18 22  36  97  46
 22  62  90  10  17  78 80  54 77  57  98  36  29 19 25 46  92  22  97   5  74  95 80  34  49  84  12  10  18  61  73  37 26  28  71 55 98  58   1  78 97 66 76 53  30 56 50 23 39  32 71  20  97 59  20 74  58  33 100  10   6 48 15   0  10  32  87 91   0 32   0 95 40  11 17 73  85  29  88  77 79   9  28  86  10  65 36  95  78 97 43 95   1  46  6 20 51  86  60  88
 31   8  32  58  73  84 67  56 87  43   0  15   1 57 12 59  21  31   0  17  66   9 44  51  70  46  89  94  17  52  29  84 18   6  60 59 79  77   4  15 60 57 57 84  28 89 76 52 25  41 94  62  31 15   9 37  74  83  58   1  30 24 71  74  32  22  39 55  81 92  57 74 21  77 14 76  12  80  69   8 10  50  49  37  46  45 90  16  99 14 73 88  89  17  9 85 73  81  28  69
 40  70  66  42  13  46 76  48 89  10  22   7  64 11 36 70  59  15  68  38   9  49 21  51  30   7  89  77   2   2  64  62 77  33  90 99 28  43  72  70 83 36 96 67  47 69 45 92 51  12 19  57  33 40  63 74  98  95  33  91  21 39 73  65  22  59   4 97  90 58  47 71 60  52 83 83  32  36  11  11 74   8  25  36  77  28 52  52  52 27 65 91  48  66 80 86 58  71  78  14
 45  82  82  45   7  76 90  23  8  10  41  39  65 98 16 12   1  40  43  39  26  93 10  51  87  48  89  78  19  50  70  17 81  16  13 44 79  76  88   9 42 74 18 33  32 45 77 10 44  59  7  71  58 84  11 16  24   8  75  73  23 87 66  63  63  79  22 59  91 19  57 16 64  91  4 74  45  13   5  34 51  11  47  80  33  61 41  85  29 38 41  6  23  58 47 74 42  49   3  61
 88  81  55   0  43  81 74  88 77  16  66   5  87 70 57 34  85  34  89  56  64  80 89  21  98  63  83  59  89  41   2  40 79  75  40 33 13  23  64  52 41 54 14 86   7 90 17 42 87  68 34  14  78 25  15 10   3  67  52  18  85  8 88  23  58  80  78 24  28 41  90 31 81  40 58 77  58   2  20  93 99   8   9  75  44  20 47  37  91 64 88  9  74  79 59  5 57  76  84  81
 67  35  22  66  18  90 83  18 56  32  68  99  92 43 23 97  65   1  78  44  78  24 19  67  97  90  53  76  96  73  30  46 64   4  19 62 73  55  58  46 19 38 14 18   3  9 96 84 57  33 41  11  22 28  58 27  79   9  59  56  34 78 57  91  75  32  75  5  23 19  71 87 58  55  5 24  79  71  18   3 88   2  97  43  89  70 43  12  72 31 47 15  85  13 68 93 35  28  80  20
 49  77  38  99  22  69 53  52  9  61  99  95 100 82 63 11  81  47  93  23  58  21 16  36  41  71  48  36  12   0  86   8  9  61  18 52 23  90  92  28  0 67 53 72  20 91 77 49 41  64 31  67  95 74  45 61  32  32  21   9  32 92 48  71  32  82  10 55  21 26  72 28 33  29 51 95  94  44  54  91 72  31  82   4  12  84 85   4  35 22 11 83   6   4 32 56 10  79  38  46
 30  68  98  89  87  28 21  20 78  37  16   0  65  4 96 89  27   5  15  73  69  36 88  50  79  71  63  62  21  32  11   2 44  57  88 88 11  91  58  85 91 29 29 42  36 49 28 42 15  36 26  63   0 82  96 84  80  88   3  92  50 70 82  31  80   8  96 51  58  2  35 85 75  95 55 33  54  48  63  99 66   7  94  70  95  41 47  89  12 90 46 46  21  23 54 59 15  29  76  58
 11  57  45  89  44  57 87  50 72 100  26  29  30  1 95 81  15   5  70  50  46  23 12  54  64  62  96  79  88  88   1  29 92  49  77 72 19  21  50  81 46 96 40 86  73 47 38 99 14  23 19  50  11 78  47 78  28  74  95  54  23 73 24  36  13  99  69 89  46 58 100 33 19  81 56 22  92  88   1   2 81   4  42  25  27  99 36  42  11 56 85 98  36  34 90 33 61  77  23   3
 42  53  95  50  30  81 33  42 61  45  59   6  72  6 85 44  15  78  69  75  65  46 43  20  22   4  27   2  50  46   7  42 36  70  41 64 48  22  84  98 48 77 81 50  55 96 14 47 47  16 68  86  18 18  70 46  93  57  73  50  18 67 99  10  58 100   3 49  18 34  29 71  9  20 19 55   1  90  27  57 62  16  62  28  78  68 76  96  54 45 81 97  48  17 16 82 96   5  93  30
 57  30  54  33   5  94 99   6 99  74  19  25  64 73  6 83  64  46  30   3  91  78 44  51  17  62  89  86  87  89  45  49 69   9  59 62 77  41  28  50 23 49 75 64  33 71 10 12 26  18 64  70  31 96  49 38  40  17  91  17  68  2 44  55  76  77  81 50   2 44  31  6 19  30 79 72 100  42  31  22 80  44  50  84  72  49 42  10  49  8 20 48  76  84 47  1 43  55  72  82
 16  66  39  80  81  75 51   7 34  80  29  64  41 47 90 74  93  79  84  29  70  52 75  71  76  59  28 100  37  25  85  75 41  92  59 60 86  48  17   6 18  9 99 81  99 66 11 91 11  61 82   2  86 58  17 42  66  61  67  95  67 87 47  12  48  87  69 12   8 22  68 21 50  48 32  8  23  45  10  82 38  47  23  29   6  45 24  10  55 88  3 39  53  10 55 19 85  50 100  47
 51  52  49  59  90  24 65   5 52   4  68  49  17 29  6 43  62  20  97  74  96  46 12   7  82   8  58  14  98  87  28  27  4   7  74 37 37   1  43  54 11  8 82 77  55 87 63 84 10  94 12  23  85 32  55 78  16  53   2  46  69 55 81  58  13  95  83 32  42 40   1 99 64   1 39  4  35  90  91   0 25  34  37   4  63  96 60  71  26 54 73 56  46  22 51 55 88  20  44  53
 52  56  28  58  13  99 58   9 20  72  13  40  53 20 14 18  90  25  12  34   2   5 65  86  32  96  44  57  30  47  51  14 79  17  85  1 23 100  21  90 34 38 98 76  81 61 34 40 60   0 89   1  42 10  94 51   9  34  86  45  30 87 40   5  96   9  67 76  23 32  58 98 19  23 49 75  13  22  18  26 89  16  70  57   8  33 53  53  18 29 95 69  63  13 18  0 62  25  10  12
 50  56  96  24  14  77 75  43 72  13   4  66  79 60 26 11  30  56  46  43  67  79 86  11  86  35  50   9  59 100  35  59 45  25  22 46 72  23  16   4 10 90 33 61  31 32 79 80 13   8 24   3  46  1 100 28   2  27  81  53  25 54 32  29  30  54  26  2  91 51   7 48 26  85 12 77  53  28  49  25 36  95  69  81   7  35 97  77  29 26 84 84  51  33 16 55  7  51  48   8
 31  48  83  94  45  87 44   2 57  34  24  77  33 68 65 35  11  63  73  60  87  82 68  42  32  79  78  73  39  80  93  53 21  10  24 15 94  40  94  44 89  9 61 83  47 78 90  1 98  52 67   7  73 43  20 46  97  55  49  54   5 55 29  65  94  68  30 15  32 61  20 32 26  76 45 49  99   3  50  69 48   7 100  10  33   0 26   2  98 17 65 91  49  89 50  3 55  37  14  72
 51  89  52  68  58  36 17  63 24   7  14  92  50 63 36 92  14  29  53  71  76  28 32  64  49  81  14  47  20  39  70  57 53  84  42 30  1  34  89  11 25 14 67 24  96 14 72 97 68  80 22  43  82 64  21 34  45  76  40  81  36 33 95  89  17  88  79 23  60 29  13 12 78  54 20 48  30  73  50  49 61  76  99  62  39  89  7   8  50 78 52 59  37  21 34 34 52  89  70  11
 77  28  63  20  86  69 48  85 34  88  80   6  15 11 83 43  37  77  26  28  79  39 99 100  81  62  46  76  28  70  84  34 76  33  84 51 45  36  24  55 71 85 27 16  31 80 38 45 80  47 90  51  74 55  97 28  66  85  82  96  43 64 28  83   8  64  43  9  40 42   3 28 14  50 19  0  76  43  62  84 30  54  39  92  80  11 63  18  48 77 18 94  64  72 75 48 63  49  17  97
 76  68  62   4  98  85 20  27 58  81  29  85  46  9  4 77  14  24  71  32  10  92 92  54  99  17  66  24  74  44  42  82 43   4   5 57 36  85  50  62  0  1 50 45  59 82 42 77 53  43 26  29  10  4  70 22  87  10  63  87  22 96 63  59  95  45  88 24  26 64  79 29 70  30 37 53  30  62   0  90 32  12  25  52  48  59 71  38  46 59 41 75  48  25 27 62 38   0  83  28
 54  48  70  40  70   0 68  88 87  40  22  73   0  2 94 28  24  99  19  90  64  51 97  94   5  92 100  95  50  18  71  14 34  40 100 27 85  10  85   7 22 20 89 30  76 48 19 33 94  76 34  47  94 24  47 46  46  97  78  58  51 87 88   5  31  38  14 42  92 81  36  2 86  19 26 46  53  79  35  58 85  63  44  20  36  37 80  39  50 48 10 34  12  32  6 70 97  91  25  15
 70  48  61  91  31  93 22  44 86  37  54  50  27 17 38 39  25  74  70  52  76  39 21  54  83  72  31  71  24  84   1  41 67  75  44 87 45  56  80  57 72 17 41 50  24 71  1 14 50  73 65  29  84  3  21 16  23  44  85  28  23 86 32  23  53  73  35 29  30  1  50 18 47  36 46 93  61  19  31  73 12  33  84  32  79  89 68  19  81 97 62 55  16  84 90 24 78  77  35  43
 78  33  26  90  61  75 64  87 25  30  25  36  40 67 49 87  91  67  12  51  55  54 93  40   3  67  35  63   8  83  95  92 59  14  62 65 95  51  74  87 35 66 32 29  23 89 75 31  2 100 75  31  29 98  16 67  31  35  42  51  25 26 38  85  19   4  77 41  67 28  27 71 69  32 30 76  60  58  96  29 76  54  14   3  46  69 24  61  58 76  7 74  54  45 56 73 21  43  80  45
 13  19  27  52   5  24 81  97 31  27  74  91  92 90 10 84  88  47  80   8  54  84 86  16  12  41  87  30  21  92  67   5 19   2  53 96 60  35   9  26 95 13 58 33  77 94 74 90 78 100 41  44   3 40  91 63  63  59  95  32  55 99 92  40  41  34  45 36  66 22  69 77 60  98 81  3 100  77  47  67 67  79  96  39 100  83 53  52  69 76 63 36  78   4 99 90 72  79  72  63
 17  86  14  25  79  47 96   0 17  87  56  61  34  4 67  2  69  84  23  68  63  11 54  47  71   7  58  56  77  26  89  45 78  97   9 67 36  81  84  67  7 38 73 15  21 76 85 84 76   9 92  18  36  0  90 70  99  26  42  60  10 69 30  79  43  90  96 47  98 16  15 25 39  10  0 54  48  77  89  70 82  54  65  81  67  53 78  60  62 97 64 80  88  36 38 36 71  63  64  78
 15  96  36  26  80  40 12  67 43  83  54  56  79 52 75 64  82  31  92  35  96  26 42  47  41  50  18  98  31   3  59  38 22  61  81 11 68  21  84  94 52 37 42 27   7 35 69 39 21  55 61  48  97 38  63 16  56 100  94  13  73 43  8  25  61  99  56 28  67 27  61 87 89  65 30 36  19  45  76  43 13  60  23  91   7  43 39  72  64 10  6 29  98  19 33 23 36  96   3   9
 16  47  66  25  54   4 28  27 91  76  79  65  71 79 38 89  34  57  74  27  35  81 22  35  43  40   5  18  68  37  15  41  8  67  80 67 40  30  19  90 44  2 47 61  89 46 29 82 16  22 70  50  55 23  92 79  10  46  60  73  36  4 17  42  59  49  68 48  70 80  41 75 96  37 19  0   2  99   4  70 24  39  93  32  76   7 14  65  65 26 32 17  46  43 78 98 83  28  77  16
 57  28  43  69  24  86 31  93 12   3  15 100  59 91 69 92  28  42  69  34  82  80 65  21  40  38  75  26  20  77  67  42 14  18  71 73 43  85  93  10 36 75 15 92  55 75  0 91 45  63  4   0  14 80  38 19  85  50   3  44  80 90  5  14  52  32  95 44 100 15  35  0 38  79 38 11  26  91  28  29 10  44  18  12  60  90  3  15  74 74 28 94  27  15  8 38  9   0  80  93
 57  29  56  53  69  51 73  33 34  82  54  22   4 35 29 69  23  25  14  68  60  23 40  17  29  38   8  26  70  75  24  76 85  61  24 19 37   4  26  76 76 40 12 29  68 36  0 31 20  72 85  89  57  4  55 86   3  20  76   1  38 19 88  14  99  98   8 10  16 75   2 89 10  26 48 95  46  21  22  48 77  11  57  73  54  58 16  59  80 71  7 25  92  86 69 95 46  41  43  61
 15  84  85  76  43  64 48  98 10  71  88  80   2  1 37 95   2  96  12  96  37 100 73  94  10  80  74  33  31  33  92  97 14  73  64  0 16  80  10  72 52 41 72 78  86 82 78 95 63  23 80 100  54 77  48  5  66  90  53  20   4 19 43  21  48  36  40 89  18 76  41 94 22  55 63 29  37  13  82  20 74  12  21   7  20  69 26  80  97 15 59 30  10  99 36 83 53  61  14   4
 34  14  69   1  14  82 50  48 87   3  72  24  74 92 71 99  48  21  85   9  14  17 78  87  85 100  93  36  86  23  27   5  5   4  75 56 93  74  93   6 61 48 40 51  21 75 75 13 86  54 73  28  94 55  65  1  61  13  98   0  64 76 30  69   5  59  51 76  54 54  47 72 85  18 35 25  89  71  13  67 45  89  58  14  81  32 91  46  73  1 48 47  66  55 58  9 55  91  50  85
100  68  65  46  88   0 39  98 54  13  98  46  86 43 84 18   8  76  24  17  61  19 70  37   8  89  38  50  96   9  31   3 64  45  56 99 37  25  36  24 39  7 75 65  88 57 53 67 38  80 33  40 100 71  26 46  33 100   2  36  99 97 61  91  98  93  28 88  24 28  61 29 10  17 14 15  83  78  27  25 85  22  21  47  82   3 44  17  74 23 98 55  57  24 91  5 20   8  36  70
 24  38  36  42  78  87 95  30 18  55  57  76  41 69 95 22  22  86  25  35  84  84 44  20  55  13  20  85  43  98  29  25 26  21  53 69  5  93  18   7 87 66 10 16  58 11  2 87 13  50  2  85  17  2  79 38  32  59   7  93  78 37  0  99  65  53  31 23  14 35  40 92 79  57 78 25  91   2  75  16 39   7  34  78  80  27 89  13  64 56 39 61  42  51  6 10 17  93   6  15
 59  34  72  66  73  98 63  86 18  26  46  23  35 87 44  2  74  53  79  63  28  97 75  72  60  38  62  48  90  79  47  87 93   5  98 71 81  21  47  66  8 49 66 24  27 87 16 88 92  38 68  11  67 99  49 41  76  33  33  74  31 46 38  47  67  15  89 70  86 26  58 36 40  30 72 21  83  53   1  20 91  86  39  94  92  65 57  28  71 30 66 44  61  12 28 40 13  68  15  67
 11  53  82  69  19  54  8  11 68   5  33  19  17 95 86 82  37 100  41  10  92  20 57  47  91  38  91  92  37  51  77  38 61  49  17 16 69  59  13  38  0 66 65 69  52 82 67  2 81  17 36  28  36 90  44  2  78  98  16  46  76 85 75  59  50  62  44 53  78 59  43 81 19   8 12 66  49  21  30  30 75  70  83  93  36  43 67  73   5 75 27 60  55  68 25 33 42  13   3  70
 81  12  98   5  77  17 56   8 75  43  35  51  38 47  7 20  55  80  26   2  47  46 49  83  45  49  86  43  99  50   1  97 99   2  78 46 68  82  84   1 12 12 13 13  42 45  8 60 18  54 60  63  41 23  97 37   3  16  25  91  51 97 30  88   3  73  54 53  85 64  76  4 23  22 10 93  71  86  29   6 15  14  27  16  30  67 15  53  37 47 52 63  80  67 15 78 64  51  77  78
 55  70  68  74  18  15 76  19 51  19  41  22  67 56 66 13  40  73  64  40  47  39 21  44  55  17  15  28  79  89  61  79 71  38  45 63 66  88  74  60 38 72 16 55  74 84  6 67 53  96 51  52  26 82  15  8  32  75  56  23  97 61  5   0  35  68   7 67  44 47  35 87 51  29 93  3  13  80   0  43 13  81  73  18  40  70 87  13  12 26 33 82  62   4 72 29 67  33  43   1
 54  59  60  83  34  43  2  75 74  83  74  90  84 92 91 15  15  62  37  43  63  85 49  78  71  62   0  84  23  71  50  87 14  56   2 31 49  51  44  37 54 98 97 70  50 94 99 19 40  72 94  24  66 38   1 88  82  83  67  58  20 73 14  21  33  34  78  0  69 81  99 88 76  79 93 25  79  16  28   1 23  10  87  34  60  96 24  81  31 65 64 41  88  60 85  1 43  40  13   1
 73  96  87  62  87  17 54  42 98  32  75  57  71 13  9 34  41  76  44   2  35  76 62  25  64  52  58   4  86  64  45  52 57  54  16 36 79  81  44  17 55 33  4 79  89 46 43 81 96  73 11  29  99 93  38 70  55  19   4  62  30 15  3  64  60  54  74  9  33 90  52 16 66  29  7  4  75  24  96  12 76  97  44  72  31  85 75  63  39 27 56 56  86  17 40 45 21   1  38  39
 73  41  72 100  27  55 14  47  4  29  46  87  53 65 69 44  16  59  80   7   7  38 61 100  72  30  23 100  81  76  50  30 29  57  62 48 28  41   8  44 87 36 54 43  19 49 85 82 72  43 33  90  90  4  42 52  51  92  19  26   6 24 71  33  12  36  11 11  10 50  65 65  5  81 52 79   1  20  53  87 34   5  25  77  79  46 72 100  78 43 91  5   7  24 61 62 84  82  75  12
 46  39  89   9  76  99 21  41 89  38  63  89  68 73 85 16  54  88  10  77 100  49  6  83  34  51  49  56  93  52  91  77 51  55  37 31 66  59  66  17  4 12 44 60  84  1 11 80 75  30 79  42  89 29  39 37  75   6  98  71  33 94 86  46  80  78   2 61  43 27  63 92 76  65 54 97  38   2  25   0 69  18  39   9  22  63 83  36  70 50 94 40  11  57 90 81 73  45  66 100